1.004404256566143738e+00
7.043460735764576208e-01
7.854872300081223724e-01
9.712075681573026920e-01
7.893500655708083347e-01
9.578431224921434284e-01
6.744323461626473559e-01
7.570894331393653864e-01
5.725394567209030061e-01
4.341009006462599462e-01
6.582576230419449059e-01
5.164712720654719424e-01
4.708460794458696475e-01
5.509364875341998813e-01
3.293655340537708920e-01
4.956861992176362364e-01
4.818830250118127378e-01
4.625681489117340339e-01
4.317495952114345781e-01
3.423708168359760884e-01
3.803994919273185338e-01
2.566270373245732039e-01
2.646577592282661762e-01
2.623257301437613709e-01
1.971536591207112554e-01
2.515169729516680275e-01
2.656398475792288161e-01
1.411959530397166873e-01
2.202478900831549291e-01
1.374280553041678232e-01
2.194771683591148770e-01
2.689229746986645520e-01
2.124291746894446942e-01
1.424381443284599702e-01
2.861000349531226394e-01
8.235938733937875345e-02
2.824769009820828902e-01
6.842114277013094936e-02
-5.000263343241939662e-04
2.899995191980547782e-01
8.662569372631150066e-02
-9.166014648952586219e-03
-7.447314162708687513e-02
7.238740388480448262e-02
-5.620440495844397644e-02
-7.456011278374442830e-02
5.624633420435952436e-02
-6.917168725684211261e-02
1.849283693699730891e-01
6.514222629484453519e-02
